0.5
-0.334103867306585   
0.8271946967961522   
-0.020574461395796995
1.1183698030697369   
0.2401768531960371
1.3414709848078965
0.4194449792537551
1.4719379013633127
0.49749498660405445
1.495407957751765
0.4657346537574998
1.4092974268256817
0.32766035212596056
1.2230858817383246
0.09847214410395644
0.957272626635812
-0.19659953263214391
0.6411200080598672
-0.5250713857951691
0.3094320371245146
-0.8507832276896199
-0.0012770485883447646
-1.1378787095168519
-0.2568024953079282
-1.35475260723884
-0.4290145012707619
-1.477530117665097
-0.4989549170979283
-1.492695142600153
-0.45892427466313845
-1.3985782234807296
-0.31332939156758
-1.205540325570392
-0.0781982417443089
-0.9348322396250772
0.22058450180107414
-0.6162551650602297
0.5501270098821727
-0.2848800119121845
0.87415123057122
0.02281341912967949
1.156986598718789
0.2729523559784831
1.367496869618806
0.4379999767747389
1.4825077869863732
0.4997868314142212
1.489358246623382
0.45151104558300115
1.3872941080946943
0.29848711262349026
1.1875512151130616
0.0575608416497293
0.9121184852417565
-0.2447451320034823
0.5913172355547494
-0.5751511204618093
0.2604632268696841
-0.8972840146039622
-0.044021110889369774
-1.175681458057829
-0.2886162822232242
-1.37969575997167
-0.44639575683810795
-1.4868677799998744
-0.4999902065507035
-1.4853993676385011
-0.44349962701548473
-1.3754521746884285
-0.28314284623659003
-1.169129859637846
-0.03657291800043494
-0.8891456430143487
0.2690662340988319
-0.5663218973512006
0.6001279855465728
-0.23619703217523136
0.9201670368266409
0.06488679116011586
1.1939515345770562
0.30378442655162097
1.39134160918208
0.45419656325900837
1.4906073556948702
0.4995649146508786
1.480820994486603
0.434895055524683
1.3630598679680195
0.2673062389358243
1.1502878401571168
0.015247665341404093
0.8659281553529311
-0.2935325180622034
0.5412848643486662
-0.6250419028509371
0.2120966833349347
-0.9427859112966077
-0.0853973422480746
-1.2117853423691232